-1911.54933766 
-1917.00443309 
-1914.98225695 
-1917.73147    
-1922.5596643  
-1916.97141251 
-1914.7990841  
-1918.67194781 
-1916.50331097 
-1921.36300374 
-1917.64573263 
-1918.38429417 
-1918.05467703 
-1843.54022843 
-1845.46233097 
-1851.1377835  
-1848.26833819 
-1848.86976447 
-1846.39982771 
-1846.64414962 
-1891.78661939 
-1893.25889124 
-1891.33706784 
-1889.78511167 
-1892.27307233 
-1917.64743698 
-1910.23174716 
-1899.09470932 
-1924.11341356 
-1899.57814088 
-1900.66681636 
-1895.24627921 
-1895.91125399 
-1896.83996849 
-1895.23026023 
-1893.97453515 
-1952.46662254 
-1898.36789921 
-1894.87026038 
-1898.12387393 
-1921.77032586 
-1930.94077982 
-1925.80944515 
-1934.85714677 
-1922.94137253 
-1925.49612328 
-1928.65150972 
-1926.18114108 
-1920.80610241 
-1928.37233328 
-1933.09415649 
-1925.55482302 
-1928.77742477 
-1924.62124103 
-1925.78828517 
-1925.23453933 
-1931.0103318  
-1923.11628409 
-1922.58842128 
-1922.54003114 
-1919.17309124 
-1923.67457134 
-1922.48461845 
-1920.98661971 
-1920.68152882 
-1919.68311948 
-1912.63504615 
-1918.44494218 
-1920.04027022 
-1922.57515508 
-1922.49326824 
-1913.41472499 
-1913.87539835 
-1916.57346646 
-1919.70747544 
-1912.20165976 
-1910.16415726 
-1915.17934889 
-1911.72156831 
-1914.57635908 
-1908.66269626 
-1910.59670759 
-1908.62023086 
-1916.99987874 
-1907.06494163 
-1908.58248734 
-1911.66827544 
-1910.39854523 
-1910.43776211 
-1907.97569533 
-1907.65083162 
-1910.9442758  
-1913.26620603 
-1911.4022753  
-1905.29788771 
-1906.04246349 
-1907.27794337 
-1905.06870072 
-1905.04057115 
-1942.30819834 
-1900.38939031 
-1905.83864758 
-1904.77445352 
-1902.76576226 
-1902.51099172 
-1903.6533776  
-1902.34340203 
-1905.94743727 
-1902.56514726 
-1901.22921563 
-1902.31656642 
-1901.7267434  
-1899.77864544 
-1902.89384919 
-1898.15098498 
-1904.88593499 
-1902.81693648 
-1902.04743303 
-1957.65325842 
-1899.1963324  
-1898.58903209 
-1901.20994235 
-1901.47011763 
-1899.56063146 
-1904.5066093  
-1902.50377136 
-1899.70860495 
-1900.04274882 
-1903.50496024 
-1906.20381927 
-1901.5273916  
-1902.0203462  
-1911.26352749 
-1908.49618711 
-1900.05553889 
-1899.14578062 
-1915.58048425 
-1908.75625244 
-1904.96443634 
-1902.8673221  
-1911.54978998 
-1904.57665478 
-1907.80426801 
-1911.86680695 
-1905.78013286 
-1906.79698504 
-1908.33712073 
-1906.75747407 
-1906.61983339 
-1905.49595028 
-1910.39942188 
-1903.85806721 
-1907.23488801 
-1904.81232443 
-1904.77225584 
-1911.61733025 
-1936.04257856 
-1906.6636108  
-1909.41884022 
-1911.01820457 
-1912.24047659 
-1908.40442277 
-1907.50534226 
-1909.06664639 
-1920.66736141 
-1912.20380522 
-1914.41085923 
-1943.41745331 
-1914.48229552 
-1915.10578515 
-1910.73004396 
-1913.76632146 
-1907.31535281 
-1908.70788443 
-1916.59402547 
-1915.685099   
-1908.94388605 
-1907.28607846 
-1909.64686509 
-1910.41938033 
-1909.53385469 
-1910.65762685 
-1907.50090254 
-1913.40494867 
-1911.5202964  
-1902.93873291 
-1905.2318513  
-1908.82743641 
-1903.22226259 
-1904.51558592 
-1908.36584821 
-1905.85531415 
-1902.0356896  
-1901.77313695 
-1901.81148359 
-1900.39114931 
-1899.95740595 
-1910.98090478 
-1902.50553638 
-1917.71398854 
-1897.66404748 
-1902.67230009 
-1897.63889334 
-1901.43304764 
-1897.39004582 
-1896.6649021  
-1900.60035135 
-1913.13879086 
-1899.30875047 
-1911.14073047 
-1898.60770763 
-1897.09249438 
-1901.06949223 
-1898.6572529  
-1897.75669649 
-1909.17084876 
-1908.68577262 
-1906.64030692 
-1897.84478012 
-1905.4202296  
-1897.22335817 
-1926.01837486 
-1910.85557643 
-1902.78921877 
-1896.96520998 
-1899.9962884  
-1901.51000618 
-1912.70115808 
-1906.58266281 
-1905.36219815 
-1906.90237766 
-1901.27556547 
-1909.6110872  
-1906.46996545 
-1904.3065229  
-1904.33854466 
-1899.0968868  
-1906.70396343 
-1899.29278872 
-1900.51287382 
-1904.46110898 
-1911.46028343 
-1905.71149226 
-1908.95478802 
-1897.02633109 
-1906.75551551 
-1912.20561559 
-1898.50180074 
-1903.42915876 
-1899.24437968 
-1896.93400582 
-1902.22865752 
-1910.1934877  
-1913.60175209 
-1906.27580909 
-1911.06280762 
